<?xml version="1.0"?>
<opencv_storage>
<calibration_time>"Wed Jul  4 15:51:34 2018"</calibration_time>
<nFrames>14</nFrames>
<flags>258</flags>
<camera_matrix type_id="opencv-matrix">
  <rows>3</rows>
  <cols>3</cols>
  <dt>d</dt>
  <data>
    9.2771664372163696e+02 0. 720. 0. 9.2543435291728099e+02 720. 0. 0.
    1.</data></camera_matrix>
<distortion_coefficients type_id="opencv-matrix">
  <rows>1</rows>
  <cols>4</cols>
  <dt>d</dt>
  <data>
    2.3821295291814071e+00 -3.2421945565963006e+00
    -1.2470636987292597e-04 1.6614319135623322e-03</data></distortion_coefficients>
<xi>2.1674698461371418e+00</xi>
<used_imgs>
  images/out1.jpg images/out2.jpg images/out3.jpg images/out4.jpg
  images/out5.jpg images/out6.jpg images/out7.jpg images/out8.jpg
  images/out9.jpg images/out10.jpg images/out11.jpg images/out12.jpg
  images/out13.jpg images/out15.jpg</used_imgs>
<extrinsic_parameters type_id="opencv-matrix">
  <rows>14</rows>
  <cols>6</cols>
  <dt>d</dt>
  <data>
    1.4994764451271627e-02 1.6003650529862188e+00 1.2798284711300292e-01
    3.1926548094105296e+01 -1.0586223574190075e+01
    1.2409516005007887e+01 -9.0035339861609165e-02
    9.0013803955792160e-01 2.6402524949326112e-01 2.1519259412488456e+01
    -1.0729993153787799e+01 2.1470071707910439e+01
    -1.3981219032799369e-01 1.9827838293577210e-01
    4.0166933708734370e-01 3.0001887947725776e+00
    -1.2493880018380477e+01 2.5170265495948904e+01
    4.7931575767872388e-02 -5.9145812863209124e-01
    6.1207004161516199e-01 -6.7461631818515340e+00
    -1.7873466236119466e+01 1.4989453082121496e+01
    4.2255579810685667e-01 -1.1255841343672648e+00
    3.9685592174507567e-01 -2.1491382064070127e+01
    -3.0000177085139811e+01 7.5241013716179763e+00
    1.8694997811657210e+00 -1.1922382757187235e+00
    1.2560772970744476e+00 1.5079752100026152e+01
    -1.6337123059452896e+01 1.9623137548411859e-01
    1.1826920106089700e+00 -8.1070924766455921e-01
    1.6367169092204921e+00 1.5735342815945321e+01
    -1.6003825474338857e+01 5.1293827674121415e+00
    7.3218722835263239e-01 -4.3886395958839969e-01
    1.6033484565129081e+00 1.3648726032720568e+01
    -1.3520339504319571e+01 1.0693287587472449e+01
    -7.1229344138468387e-01 7.4094109650603013e-01
    1.6917723059489849e+00 6.5621076038888493e+00 1.3038722437634725e+01
    2.3619183479931575e+01 -1.1595296495988501e+00
    1.0715762572629908e+00 1.4312747186332044e+00 4.8322515252576803e+00
    2.3855840162399574e+01 1.7865982581522559e+01
    -7.6945013669745010e-01 1.4345056747648877e+00
    9.2076591266861840e-01 1.6464571043014601e+01 1.5707988269215722e+01
    1.5659552542162062e+01 -5.8419884390879828e-01
    -4.6180775618079767e-01 1.3830852025863398e+00
    -2.3429078383288658e+01 -1.2755758053931011e+01
    3.7151257746465511e+01 -5.4009153701412703e-02
    5.8478575134112490e-02 1.5837446338141552e+00 1.2036755642157233e+01
    -4.8449909451127775e+00 1.2704637742628979e+01
    2.4292936879115845e-01 1.8575070444879944e+00 3.3828214014053115e-02
    1.6244178278088906e+01 -1.5823243349205544e+01
    1.2569348662966430e+01</data></extrinsic_parameters>
<rms>1.4859615795684316e+00</rms>
<image_points type_id="opencv-matrix">
  <rows>14</rows>
  <cols>70</cols>
  <dt>"2d"</dt>
  <data>
    1.1379418945312500e+03 5.8214929199218750e+02 1.1623470458984375e+03
    5.7628619384765625e+02 1.1877167968750000e+03 5.7069061279296875e+02
    1.2141516113281250e+03 5.6540362548828125e+02 1.2416198730468750e+03
    5.6041815185546875e+02 1.2692674560546875e+03 5.5443493652343750e+02
    1.2956169433593750e+03 5.5122094726562500e+02 1.1402388916015625e+03
    6.1017565917968750e+02 1.1655714111328125e+03 6.0646966552734375e+02
    1.1920003662109375e+03 6.0244995117187500e+02 1.2190212402343750e+03
    5.9846630859375000e+02 1.2474367675781250e+03 5.9488916015625000e+02
    1.2762122802734375e+03 5.9248834228515625e+02 1.3028582763671875e+03
    5.8972967529296875e+02 1.1417347412109375e+03 6.3948150634765625e+02
    1.1676752929687500e+03 6.3745098876953125e+02 1.1949389648437500e+03
    6.3505029296875000e+02 1.2232421875000000e+03 6.3332189941406250e+02
    1.2528408203125000e+03 6.3225878906250000e+02 1.2803479003906250e+03
    6.3056866455078125e+02 1.3086953125000000e+03 6.3055975341796875e+02
    1.1416148681640625e+03 6.7030993652343750e+02 1.1678387451171875e+03
    6.6947503662109375e+02 1.1959541015625000e+03 6.6913317871093750e+02
    1.2234307861328125e+03 6.6917053222656250e+02 1.2535753173828125e+03
    6.7015411376953125e+02 1.2811046142578125e+03 6.7021136474609375e+02
    1.3110067138671875e+03 6.7295471191406250e+02 1.1398548583984375e+03
    7.0029937744140625e+02 1.1669083251953125e+03 7.0229748535156250e+02
    1.1946226806640625e+03 7.0417089843750000e+02 1.2233084716796875e+03
    7.0595800781250000e+02 1.2516973876953125e+03 7.0837786865234375e+02
    1.2816467285156250e+03 7.1240362548828125e+02 1.3111286621093750e+03
    7.1628588867187500e+02 1.1371710205078125e+03 7.3108795166015625e+02
    1.1635396728515625e+03 7.3433868408203125e+02 1.1910014648437500e+03
    7.3851062011718750e+02 1.2190687255859375e+03 7.4256805419921875e+02
    1.2491965332031250e+03 7.4812731933593750e+02 1.2785181884765625e+03
    7.5355175781250000e+02 1.3069975585937500e+03 7.5949066162109375e+02
    1.1324942626953125e+03 7.6166467285156250e+02 1.1584947509765625e+03
    7.6677154541015625e+02 1.1858947753906250e+03 7.7274450683593750e+02
    1.2135187988281250e+03 7.7978417968750000e+02 1.2430208740234375e+03
    7.8677575683593750e+02 1.2717640380859375e+03 7.9440759277343750e+02
    1.3002093505859375e+03 8.0254113769531250e+02 1.1270362548828125e+03
    7.9144091796875000e+02 1.1523405761718750e+03 7.9859503173828125e+02
    1.1786514892578125e+03 8.0669555664062500e+02 1.2059171142578125e+03
    8.1488092041015625e+02 1.2341625976562500e+03 8.2463757324218750e+02
    1.2632177734375000e+03 8.3500848388671875e+02 1.2892413330078125e+03
    8.4455426025390625e+02 1.1200711669921875e+03 8.2006555175781250e+02
    1.1440895996093750e+03 8.2953796386718750e+02 1.1702880859375000e+03
    8.3909472656250000e+02 1.1963209228515625e+03 8.4968536376953125e+02
    1.2235455322265625e+03 8.6073742675781250e+02 1.2500518798828125e+03
    8.7312585449218750e+02 1.2768618164062500e+03 8.8309161376953125e+02
    1.1121916503906250e+03 8.4796453857421875e+02 1.1354388427734375e+03
    8.5904681396484375e+02 1.1600847167968750e+03 8.7044848632812500e+02
    1.1853503417968750e+03 8.8236334228515625e+02 1.2110172119140625e+03
    8.9494512939453125e+02 1.2369924316406250e+03 9.0940283203125000e+02
    1.2612962646484375e+03 9.2121044921875000e+02 9.7330072021484375e+02
    5.9563146972656250e+02 1.0015159912109375e+03 5.9451867675781250e+02
    1.0304429931640625e+03 5.9406610107421875e+02 1.0599100341796875e+03
    5.9439581298828125e+02 1.0901684570312500e+03 5.9542620849609375e+02
    1.1205466308593750e+03 5.9776135253906250e+02 1.1495085449218750e+03
    6.0025872802734375e+02 9.6994378662109375e+02 6.1993511962890625e+02
    9.9846160888671875e+02 6.1940930175781250e+02 1.0289759521484375e+03
    6.2005395507812500e+02 1.0589586181640625e+03 6.2148236083984375e+02
    1.0901765136718750e+03 6.2416888427734375e+02 1.1214349365234375e+03
    6.2723150634765625e+02 1.1508697509765625e+03 6.3129528808593750e+02
    9.6539721679687500e+02 6.4439886474609375e+02 9.9510021972656250e+02
    6.4583374023437500e+02 1.0258470458984375e+03 6.4732684326171875e+02
    1.0572857666015625e+03 6.5013763427734375e+02 1.0889549560546875e+03
    6.5353112792968750e+02 1.1207790527343750e+03 6.5789752197265625e+02
    1.1515212402343750e+03 6.6303680419921875e+02 9.6057128906250000e+02
    6.7060223388671875e+02 9.9005737304687500e+02 6.7349737548828125e+02
    1.0215576171875000e+03 6.7651885986328125e+02 1.0535437011718750e+03
    6.8041925048828125e+02 1.0859057617187500e+03 6.8464276123046875e+02
